data/spatial/Rangitaiki/parcels_r.asc
ncols        156
nrows        301
xllcorner    1883050.448649999918
yllcorner    5676915.805999998935
cellsize     400.000000000000
NODATA_value -9999
[rows 234 to 272 of 301, columns 0 to 86 of 156]
-9999 -9999 -9999 -9999 -9999 -9999 285 285 285 285 285 285 285 285 285 281 281 281 281 281 281 281 281 281 281 281 173 173 173 187 173 173 187 187 187 187 187 173 173 282 282 282 282 282 282 282 282 282 282 282 282 282 282 282 282 282 282 282 282 282 282 282 282 282 282 282 282 282 282 282 282 282 282 282 282 282 26 26 26 26 26 26 26 26 26 26 26
-9999 -9999 -9999 -9999 -9999 285 285 285 285 285 285 285 285 285 285 281 281 281 281 281 281 281 281 281 281 173 173 173 173 187 187 173 187 187 187 187 187 173 173 173 282 282 282 282 282 282 282 282 282 282 282 282 282 282 282 282 282 282 282 282 282 282 282 282 282 282 282 282 282 282 282 282 282 282 282 282 282 26 26 26 26 26 26 26 26 26 26
-9999 -9999 -9999 -9999 -9999 95 285 285 285 285 285 285 285 285 285 281 281 281 281 281 281 281 281 281 281 173 187 187 173 187 187 187 187 187 187 187 187 187 187 173 173 282 282 282 282 282 282 282 282 282 282 282 282 282 282 282 282 282 282 282 282 282 282 282 282 282 282 282 282 282 282 282 282 282 282 282 26 26 26 26 26 26 26 26 26 26 26
-9999 -9999 -9999 -9999 -9999 95 95 285 285 285 285 285 285 285 285 281 281 281 281 281 281 281 281 -9999 -9999 162 187 187 173 187 187 187 187 187 187 187 187 187 187 187 173 188 282 282 282 282 282 282 282 282 282 282 282 282 282 282 282 282 282 282 282 282 282 282 282 282 282 282 282 282 282 282 282 282 282 26 26 26 26 26 26 26 26 26 26 26 26
-9999 -9999 -9999 -9999 -9999 95 95 95 285 285 285 285 285 285 285 281 281 281 281 281 281 281 281 281 162 187 187 187 187 187 187 187 187 187 187 187 187 187 187 187 173 188 188 188 282 282 282 282 282 282 282 282 282 282 282 282 282 282 282 282 282 282 282 282 282 282 282 282 282 282 282 282 282 282 282 26 26 26 26 26 26 26 26 26 26 26 26
-9999 -9999 -9999 -9999 -9999 95 95 95 95 95 285 285 95 95 95 271 281 281 281 281 281 281 281 162 187 187 187 187 187 187 172 172 172 187 187 187 187 187 187 187 173 188 188 188 188 282 282 282 282 282 282 282 282 282 282 282 282 282 282 282 282 282 282 282 282 282 282 282 282 282 282 282 282 282 26 26 26 26 26 26 26 26 26 26 26 26 26
-9999 -9999 -9999 -9999 -9999 95 95 95 95 95 95 285 95 95 95 271 271 271 281 281 281 281 187 187 187 187 187 187 172 172 172 172 172 172 187 187 187 187 187 173 173 188 188 188 188 188 282 282 282 282 282 282 282 282 282 282 282 282 282 282 282 282 282 282 282 282 282 282 282 282 282 282 282 282 282 26 26 26 26 26 26 26 26 26 26 26 26
-9999 -9999 -9999 -9999 95 95 95 95 95 95 95 95 95 95 271 271 271 271 271 271 281 281 162 187 187 187 187 187 172 172 172 172 172 187 187 187 187 187 187 173 188 188 188 188 188 188 188 282 282 282 282 282 282 282 282 282 282 282 282 282 282 282 282 282 282 282 282 282 282 282 282 282 282 282 282 26 26 26 26 26 26 26 26 26 167 26 26
-9999 -9999 -9999 -9999 95 95 95 95 95 95 95 95 95 16 271 271 271 271 271 271 271 271 271 187 187 187 187 187 172 172 172 172 172 187 187 187 187 187 187 173 188 188 188 188 188 188 188 188 282 282 282 282 282 282 282 282 282 282 282 282 282 282 282 282 282 282 282 282 282 282 282 282 282 282 282 282 26 26 26 26 26 26 26 167 167 26 26
-9999 -9999 -9999 95 95 95 95 95 95 95 95 95 95 95 271 271 271 271 271 271 271 271 271 187 187 187 187 187 187 187 187 187 187 187 187 187 187 187 187 173 188 188 188 188 188 188 188 188 188 282 282 282 282 282 282 282 282 -9999 282 282 282 282 282 282 282 282 282 282 282 282 282 282 282 282 282 26 26 26 26 26 26 167 167 167 167 167 26
-9999 -9999 -9999 95 95 95 95 95 95 95 95 95 95 271 271 271 271 271 271 271 271 271 271 271 162 187 187 187 187 187 187 187 187 187 187 187 187 187 187 173 188 188 188 188 188 188 188 188 188 188 188 282 282 282 282 282 -9999 -9999 -9999 -9999 -9999 -9999 -9999 -9999 -9999 282 282 282 282 282 282 282 282 282 26 26 26 26 26 26 167 167 167 167 167 167 26
-9999 -9999 95 95 95 95 95 95 95 95 95 95 95 271 271 271 271 271 271 271 271 271 271 271 162 187 187 187 187 187 187 187 187 187 187 187 187 187 187 173 188 188 188 188 188 188 188 188 188 188 188 188 282 282 282 282 -9999 -9999 -9999 -9999 -9999 -9999 -9999 -9999 -9999 -9999 282 282 282 282 282 282 282 26 26 26 26 26 26 167 167 167 167 167 167 167 167
-9999 -9999 95 95 95 95 95 95 95 95 95 95 95 -9999 271 271 271 271 271 271 271 271 271 271 271 187 187 187 187 -9999 187 187 187 187 187 187 187 187 187 173 276 276 188 188 188 188 188 188 188 188 188 188 188 282 282 -9999 -9999 -9999 -9999 -9999 -9999 -9999 -9999 -9999 -9999 -9999 -9999 282 282 282 282 282 26 26 26 26 26 26 26 167 167 167 167 167 167 167 167
-9999 95 95 95 95 95 95 95 95 95 95 95 95 271 271 271 271 271 271 271 271 271 271 271 271 162 187 187 187 187 187 187 187 187 187 187 187 187 187 276 276 276 276 188 188 188 188 188 188 188 188 188 188 188 -9999 -9999 -9999 -9999 -9999 -9999 -9999 -9999 -9999 -9999 -9999 -9999 -9999 -9999 282 282 282 282 26 26 26 26 26 26 167 167 167 167 167 167 167 167 167
-9999 95 95 95 95 95 95 95 95 95 95 95 271 271 271 271 271 271 271 271 271 271 271 271 271 162 187 187 187 187 187 187 187 187 187 187 187 187 187 173 276 276 276 276 276 188 188 188 188 188 188 188 188 188 -9999 -9999 -9999 -9999 -9999 -9999 -9999 -9999 -9999 -9999 -9999 -9999 -9999 -9999 -9999 282 282 282 26 26 282 282 282 167 167 167 167 167 167 167 167 167 167
-9999 297 95 95 95 95 95 95 95 95 95 95 271 271 271 271 271 271 271 271 271 271 249 249 162 162 187 187 187 187 187 187 187 187 187 187 187 187 187 276 276 276 276 276 276 276 276 188 188 188 188 188 188 188 -9999 -9999 -9999 -9999 -9999 -9999 -9999 -9999 -9999 -9999 -9999 -9999 -9999 -9999 -9999 282 282 26 26 282 282 282 282 167 167 167 167 167 167 167 167 167 167
297 297 95 95 95 95 95 95 95 95 95 95 271 271 271 271 271 271 271 249 249 249 249 249 249 187 187 187 187 187 187 187 187 187 187 187 187 187 173 276 276 276 276 276 276 276 276 276 188 188 188 188 188 188 -9999 -9999 -9999 -9999 -9999 -9999 -9999 -9999 -9999 -9999 -9999 -9999 -9999 -9999 -9999 282 282 282 282 282 282 282 282 282 282 282 282 167 167 167 167 167 167
297 297 297 95 95 95 95 95 95 95 95 95 95 271 271 271 271 271 271 249 249 249 249 249 249 -9999 187 187 187 187 187 187 187 187 187 187 187 187 187 276 276 276 276 276 -9999 276 276 276 276 276 276 276 188 188 -9999 -9999 -9999 -9999 -9999 -9999 -9999 -9999 -9999 -9999 -9999 -9999 -9999 -9999 -9999 282 282 282 282 282 282 282 282 282 282 282 282 -9999 167 167 167 -9999 167
-9999 297 297 -9999 95 95 95 95 95 95 95 95 95 95 95 271 271 271 249 249 249 249 249 249 249 249 249 162 187 187 187 187 187 187 187 187 187 187 276 276 276 276 276 276 276 276 276 276 276 276 276 25 25 25 -9999 -9999 -9999 -9999 -9999 -9999 -9999 -9999 -9999 -9999 -9999 -9999 -9999 -9999 -9999 -9999 282 282 282 -9999 -9999 282 282 -9999 -9999 -9999 -9999 -9999 -9999 -9999 -9999 -9999 167
-9999 297 297 297 95 95 95 95 95 95 95 95 95 95 95 95 271 271 249 249 249 249 249 249 249 249 249 162 187 187 187 187 187 187 187 187 187 187 276 276 276 276 276 276 276 276 276 276 276 276 147 147 25 25 -9999 -9999 -9999 -9999 -9999 -9999 -9999 -9999 -9999 -9999 -9999 -9999 -9999 -9999 -9999 -9999 282 282 282 -9999 -9999 -9999 282 -9999 -9999 -9999 -9999 -9999 -9999 -9999 -9999 -9999 167
-9999 297 297 297 297 95 95 95 95 95 95 95 95 95 95 95 271 271 271 249 249 249 249 249 249 249 249 249 187 187 187 187 187 187 187 187 187 187 187 276 276 276 276 276 276 276 276 276 276 276 276 147 147 -9999 -9999 -9999 -9999 -9999 -9999 -9999 -9999 -9999 -9999 -9999 -9999 -9999 -9999 -9999 -9999 -9999 -9999 282 -9999 -9999 -9999 -9999 -9999 -9999 -9999 -9999 -9999 -9999 -9999 -9999 -9999 -9999 167
-9999 297 297 297 297 297 95 95 95 95 95 95 95 95 95 95 95 271 271 271 249 249 249 249 249 249 249 249 187 187 249 249 249 162 187 187 14 14 187 187 276 276 276 276 276 276 276 276 276 276 276 147 147 -9999 -9999 -9999 -9999 -9999 -9999 -9999 -9999 -9999 -9999 -9999 -9999 -9999 -9999 -9999 -9999 -9999 -9999 -9999 -9999 -9999 -9999 -9999 -9999 -9999 -9999 -9999 -9999 -9999 -9999 -9999 -9999 -9999 167
-9999 297 297 297 297 297 296 -9999 95 95 95 95 95 95 95 95 95 271 271 271 249 249 249 249 249 249 249 249 249 249 249 249 249 249 249 187 187 187 187 187 276 276 276 276 276 276 276 276 276 276 276 147 147 -9999 -9999 -9999 -9999 -9999 -9999 -9999 -9999 -9999 -9999 -9999 -9999 -9999 -9999 -9999 -9999 -9999 -9999 -9999 -9999 -9999 -9999 -9999 -9999 -9999 -9999 -9999 -9999 -9999 -9999 -9999 -9999 -9999 -9999
-9999 297 297 297 297 296 296 296 296 95 95 95 95 95 95 95 95 95 271 271 271 249 249 249 249 249 249 249 249 249 249 249 249 249 249 187 187 187 187 187 187 187 187 276 276 276 276 276 276 276 276 276 147 147 -9999 -9999 -9999 -9999 -9999 -9999 -9999 -9999 -9999 -9999 -9999 -9999 -9999 -9999 -9999 -9999 -9999 -9999 -9999 -9999 -9999 -9999 -9999 -9999 -9999 -9999 -9999 -9999 -9999 -9999 -9999 -9999 -9999
297 297 297 297 297 296 296 296 296 296 95 95 95 95 95 95 95 23 -9999 271 249 249 249 249 249 249 249 249 249 249 249 249 249 249 249 249 122 162 187 187 187 187 187 276 276 276 276 276 276 276 276 276 147 147 -9999 -9999 -9999 -9999 -9999 -9999 -9999 -9999 -9999 -9999 -9999 -9999 -9999 -9999 -9999 -9999 -9999 -9999 -9999 -9999 -9999 -9999 -9999 -9999 -9999 -9999 -9999 -9999 -9999 -9999 -9999 -9999 -9999
297 297 297 297 297 296 296 296 296 273 273 273 273 15 95 95 95 23 23 1042 249 249 271 249 249 249 249 249 249 249 249 249 249 249 249 249 122 187 187 187 187 187 276 276 276 276 276 276 276 276 276 276 -9999 -9999 -9999 -9999 -9999 -9999 -9999 -9999 -9999 -9999 -9999 -9999 -9999 -9999 -9999 -9999 -9999 -9999 -9999 -9999 -9999 -9999 -9999 -9999 -9999 -9999 -9999 -9999 -9999 -9999 -9999 -9999 -9999 -9999 -9999
297 297 297 297 297 296 296 296 296 273 273 273 273 273 273 -9999 23 23 23 23 249 249 249 249 249 249 249 249 249 249 249 249 249 249 249 122 122 187 187 187 187 187 276 276 276 276 276 276 276 276 276 -9999 -9999 -9999 -9999 -9999 -9999 -9999 -9999 -9999 -9999 -9999 -9999 -9999 -9999 -9999 -9999 -9999 -9999 -9999 -9999 -9999 -9999 -9999 -9999 -9999 -9999 -9999 -9999 -9999 -9999 -9999 -9999 -9999 -9999 -9999 -9999
297 297 297 297 297 296 296 296 296 273 273 273 273 273 273 273 273 23 23 23 11 1042 249 249 249 249 249 249 249 249 249 249 249 249 249 122 122 122 187 187 187 187 276 276 276 276 276 276 276 276 276 -9999 -9999 -9999 -9999 -9999 -9999 -9999 -9999 -9999 -9999 -9999 -9999 -9999 -9999 -9999 -9999 -9999 -9999 -9999 -9999 -9999 -9999 -9999 -9999 -9999 -9999 -9999 -9999 -9999 -9999 -9999 -9999 -9999 -9999 -9999 -9999
297 297 297 297 297 296 296 296 296 273 273 273 273 273 273 273 273 273 273 11 11 1256 1042 249 249 249 249 249 249 249 249 249 249 249 122 122 162 187 187 187 187 276 276 276 276 276 276 276 276 276 276 -9999 -9999 -9999 -9999 -9999 -9999 -9999 -9999 -9999 -9999 -9999 -9999 -9999 -9999 -9999 -9999 -9999 -9999 -9999 -9999 -9999 -9999 -9999 -9999 -9999 -9999 -9999 -9999 -9999 -9999 -9999 -9999 -9999 -9999 -9999 -9999
-9999 297 297 297 297 296 296 296 296 273 273 273 273 273 273 273 273 273 273 248 1255 1256 1256 249 249 249 249 249 249 249 249 249 249 122 122 122 196 187 187 187 187 276 276 276 276 276 276 276 161 276 276 -9999 -9999 -9999 -9999 -9999 -9999 -9999 -9999 -9999 -9999 -9999 -9999 -9999 -9999 -9999 -9999 -9999 -9999 -9999 -9999 -9999 -9999 -9999 -9999 -9999 -9999 -9999 -9999 -9999 -9999 -9999 -9999 -9999 -9999 -9999 -9999
-9999 -9999 -9999 -9999 297 296 296 296 273 273 273 273 273 273 273 273 273 248 248 248 248 248 671 709 249 249 249 249 249 249 249 249 249 122 122 196 196 196 196 187 187 -9999 276 276 276 276 276 276 276 161 276 -9999 -9999 -9999 -9999 -9999 -9999 -9999 -9999 -9999 -9999 -9999 -9999 -9999 -9999 -9999 -9999 -9999 -9999 -9999 -9999 -9999 -9999 -9999 -9999 -9999 -9999 -9999 -9999 -9999 -9999 -9999 -9999 -9999 -9999 -9999 -9999
-9999 -9999 -9999 -9999 -9999 -9999 296 296 296 273 273 273 273 273 273 248 248 248 248 248 248 248 248 248 145 -9999 249 249 249 249 249 249 122 122 196 196 196 196 196 196 196 -9999 276 276 276 276 276 276 161 161 161 -9999 -9999 -9999 -9999 -9999 -9999 -9999 -9999 -9999 -9999 -9999 -9999 -9999 -9999 -9999 -9999 -9999 -9999 -9999 -9999 -9999 -9999 -9999 -9999 -9999 -9999 -9999 -9999 -9999 -9999 -9999 -9999 -9999 -9999 -9999 -9999
-9999 -9999 -9999 -9999 -9999 296 296 296 296 296 296 296 273 273 248 248 248 248 248 248 248 248 248 248 145 145 145 145 249 249 249 249 122 122 196 196 196 196 196 196 196 196 276 276 276 276 276 161 161 161 -9999 -9999 -9999 -9999 -9999 -9999 -9999 -9999 -9999 -9999 -9999 -9999 -9999 -9999 -9999 -9999 -9999 -9999 -9999 -9999 -9999 -9999 -9999 -9999 -9999 -9999 -9999 -9999 -9999 -9999 -9999 -9999 -9999 -9999 -9999 -9999 -9999
-9999 -9999 -9999 -9999 -9999 -9999 296 296 296 296 296 296 248 248 248 248 248 248 248 248 248 248 248 -9999 145 145 145 145 145 145 249 122 122 122 196 196 196 196 196 196 196 196 276 276 276 276 276 161 161 161 -9999 -9999 -9999 -9999 -9999 -9999 -9999 -9999 -9999 -9999 -9999 -9999 -9999 -9999 -9999 -9999 -9999 -9999 -9999 -9999 -9999 -9999 -9999 -9999 -9999 -9999 -9999 -9999 -9999 -9999 -9999 -9999 -9999 -9999 -9999 -9999 -9999
-9999 -9999 -9999 -9999 -9999 296 296 296 296 296 296 248 248 248 248 248 248 248 248 248 248 248 248 145 145 145 145 145 145 145 145 122 122 196 196 196 196 196 196 196 196 196 276 276 276 276 276 161 -9999 161 -9999 -9999 -9999 -9999 -9999 -9999 -9999 -9999 -9999 -9999 -9999 -9999 -9999 -9999 -9999 -9999 -9999 -9999 -9999 -9999 -9999 -9999 -9999 -9999 -9999 -9999 -9999 -9999 -9999 -9999 -9999 -9999 -9999 -9999 -9999 -9999 -9999
-9999 -9999 -9999 -9999 -9999 -9999 296 296 296 296 248 248 248 248 248 248 248 248 248 248 248 248 248 145 145 145 145 145 145 145 145 145 423 196 196 196 196 196 196 196 196 109 276 276 276 276 276 -9999 -9999 -9999 -9999 -9999 -9999 -9999 -9999 -9999 -9999 -9999 -9999 -9999 -9999 -9999 -9999 -9999 -9999 -9999 -9999 -9999 -9999 -9999 -9999 -9999 -9999 -9999 -9999 -9999 -9999 -9999 -9999 -9999 -9999 -9999 -9999 -9999 -9999 -9999 -9999
-9999 -9999 -9999 -9999 -9999 -9999 -9999 296 296 248 248 248 248 248 248 248 248 248 248 248 248 248 248 145 145 145 145 145 145 145 145 145 145 -9999 196 196 196 196 196 196 196 109 109 276 276 -9999 -9999 -9999 -9999 -9999 -9999 -9999 -9999 -9999 -9999 -9999 -9999 -9999 -9999 -9999 -9999 -9999 -9999 -9999 -9999 -9999 -9999 -9999 -9999 -9999 -9999 -9999 -9999 -9999 -9999 -9999 -9999 -9999 -9999 -9999 -9999 -9999 -9999 -9999 -9999 -9999 -9999
-9999 -9999 -9999 -9999 -9999 -9999 -9999 -9999 248 248 248 248 248 248 248 248 248 248 248 248 248 248 248 248 145 145 145 145 145 145 145 145 145 723 196 196 196 196 196 196 196 109 109 -9999 -9999 -9999 -9999 -9999 -9999 -9999 -9999 -9999 -9999 -9999 -9999 -9999 -9999 -9999 -9999 -9999 -9999 -9999 -9999 -9999 -9999 -9999 -9999 -9999 -9999 -9999 -9999 -9999 -9999 -9999 -9999 -9999 -9999 -9999 -9999 -9999 -9999 -9999 -9999 -9999 -9999 -9999 -9999
-9999 -9999 -9999 -9999 -9999 -9999 -9999 -9999 -9999 -9999 248 248 248 248 248 248 248 248 248 248 248 248 248 145 145 145 145 145 145 145 145 145 145 145 145 196 196 196 196 196 196 722 109 -9999 -9999 -9999 -9999 -9999 -9999 -9999 -9999 -9999 -9999 -9999 -9999 -9999 -9999 -9999 -9999 -9999 -9999 -9999 -9999 -9999 -9999 -9999 -9999 -9999 -9999 -9999 -9999 -9999 -9999 -9999 -9999 -9999 -9999 -9999 -9999 -9999 -9999 -9999 -9999 -9999 -9999 -9999 -9999
